STARLINK-1008
1 44714U 19074B   25044.51400458  .00004092  00000+0  29340-3 0  9998
2 44714  53.0543 133.6944 0001318  83.3980 276.7159 15.06409263290099
STARLINK-1009
1 44715U 19074C   25045.25002315  .00236702  31768-4  74556-3 0  9995
2 44715  53.0458  90.2623 0008627  45.9494 118.9615 15.90884934290922
STARLINK-1010
1 44716U 19074D   25045.25118311  .00003098  00000+0  22674-3 0  9994
2 44716  53.0532 130.3870 0001390  74.2340 285.8802 15.06407478290351
STARLINK-1011
1 44717U 19074E   25044.65222897  .00004778  00000+0  33946-3 0  9993
2 44717  53.0546 153.0789 0001507  85.5978 274.5183 15.06399621289838
STARLINK-1012           
1 44718U 19074F   25044.49189343  .00016353  00000+0  11145-2 0  9992
2 44718  53.0542 133.7974 0001307 107.5242 252.5890 15.06389080290081
STARLINK-1013           
1 44719U 19074G   25045.22906991  .00001850  00000+0  14306-3 0  9990
2 44719  53.0541 130.4805 0001473 112.2647 247.8498 15.06394412290361
STARLINK-1014           
1 44720U 19074H   25045.00003472  .00177656  00000+0  50343-2 0  9998
2 44720  53.0538 110.7898 0008589  19.3477 325.3901 15.35061601  5778
STARLINK-1015           
1 44721U 19074J   25044.53984204 -.00001780  00000+0 -10064-3 0  9990
2 44721  53.0531 133.9294 0001326 100.5566 259.5572 15.06389893290089
STARLINK-1017           
1 44723U 19074L   25044.65773113  .00004230  00000+0  30260-3 0  9991
2 44723  53.0527 133.0511 0001515  91.0559 269.0604 15.06415234290110
STARLINK-1019           
1 44724U 19074M   25044.48819149  .00002973  00000+0  21836-3 0  9994
2 44724  53.0546 133.8162 0001249  94.1289 265.9843 15.06402361290083