STARLINK-1008           
1 44714U 19074B   25044.51400458  .00004092  00000+0  29340-3 0  9998
2 44714  53.0543 133.6944 0001318  83.3980 276.7159 15.06409263290099
STARLINK-1009           
1 44715U 19074C   25045.25002315  .00236702  31768-4  74556-3 0  9995
2 44715  53.0458  90.2623 0008627  45.9494 118.9615 15.90884934290922
STARLINK-1010           
1 44716U 19074D   25045.25118311  .00003098  00000+0  22674-3 0  9994
2 44716  53.0532 130.3870 0001390  74.2340 285.8802 15.06407478290351
STARLINK-1011           
1 44717U 19074E   25044.65222897  .00004778  00000+0  33946-3 0  9993
2 44717  53.0546 153.0789 0001507  85.5978 274.5183 15.06399621289838
STARLINK-1012           
1 44718U 19074F   25044.49189343  .00016353  00000+0  11145-2 0  9992
2 44718  53.0542 133.7974 0001307 107.5242 252.5890 15.06389080290081
STARLINK-1013           
1 44719U 19074G   25045.22906991  .00001850  00000+0  14306-3 0  9990
2 44719  53.0541 130.4805 0001473 112.2647 247.8498 15.06394412290361
STARLINK-1014           
1 44720U 19074H   25045.00003472  .00177656  00000+0  50343-2 0  9998
2 44720  53.0538 110.7898 0008589  19.3477 325.3901 15.35061601  5778
STARLINK-1015           
1 44721U 19074J   25044.53984204 -.00001780  00000+0 -10064-3 0  9990
2 44721  53.0531 133.9294 0001326 100.5566 259.5572 15.06389893290089
STARLINK-1017           
1 44723U 19074L   25044.65773113  .00004230  00000+0  30260-3 0  9991
2 44723  53.0527 133.0511 0001515  91.0559 269.0604 15.06415234290110
STARLINK-1019           
1 44724U 19074M   25044.48819149  .00002973  00000+0  21836-3 0  9994
2 44724  53.0546 133.8162 0001249  94.1289 265.9843 15.06402361290083
STARLINK-1020           
1 44725U 19074N   25044.56005381  .00010271  00000+0  70704-3 0  9997
2 44725  53.0538 153.4900 0001425  84.1159 275.9992 15.06418581289810
STARLINK-1021           
1 44726U 19074P   25044.48448853  .00002481  00000+0  18528-3 0  9994
2 44726  53.0533 133.8282 0001235  95.4011 264.7119 15.06418752290080
STARLINK-1027           
1 44732U 19074V   25045.00003472  .00156264  00000+0  14245-2 0  9994
2 44732  53.0539 136.1656 0006962 345.4516 184.0278 15.66884715  5945
STARLINK-1028           
1 44733U 19074W   25045.27344997  .07706495  12196-4  82854-3 0  9994
2 44733  53.0266  83.3532 0004738 190.8474 252.4999 16.36657493291028
STARLINK-1029           
1 44734U 19074X   25045.22538581  .00001895  00000+0  14614-3 0  9994
2 44734  53.0544  50.5004 0001521  84.0606 276.0557 15.06391129291463
STARLINK-1030           
1 44735U 19074Y   25044.55637266  .00004131  00000+0  29607-3 0  9994
2 44735  53.0540 153.5076 0001320 103.0279 257.0857 15.06401384289811
STARLINK-1031           
1 44736U 19074Z   25044.57111258  .00004553  00000+0  32427-3 0  9997
2 44736  53.0541 153.4404 0001345  99.6881 260.4260 15.06405696289820
STARLINK-1032           
1 44737U 19074AA  25045.00003472  .00189325  00000+0  10972-2 0  9996
2 44737  53.0476 114.6109 0007024  18.7403 357.8053 15.77467101  5926
STARLINK-1035           
1 44740U 19074AD  25045.00003472  .00176648  00000+0  13059-2 0  9993
2 44740  53.0517 133.6779 0006327 344.3980 186.4740 15.71894875  5928
STARLINK-1036           
1 44741U 19074AE  25044.58956913  .00000260  00000+0  36345-4 0  9994
2 44741  53.0548 153.3577 0001306  90.6690 269.4448 15.06373799289824
STARLINK-1039           
1 44744U 19074AH  25044.65036509  .00002293  00000+0  17271-3 0  9999
2 44744  53.0539 173.0813 0000288 121.0473 239.0544 15.06409993289551
STARLINK-1042           
1 44747U 19074AL  25044.48930218  .00015551  00000+0  49203-3 0  9994
2 44747  53.0514 136.9889 0004171  21.1651 338.9521 15.32962491290069
STARLINK-1043           
1 44748U 19074AM  25044.62825380 -.00000745  00000+0 -31087-4 0  9997
2 44748  53.0537 173.1828 0001809  74.8324 285.2864 15.06400576289556
STARLINK-1046           
1 44751U 19074AQ  25044.64298892 -.00000494  00000+0 -14298-4 0  9991
2 44751  53.0548 173.1160 0001283 102.4989 257.6143 15.06401665289555
STARLINK-1047           
1 44752U 19074AR  25044.68958412  .00017365  00000+0  86852-3 0  9994
2 44752  53.0541 147.6124 0001424 197.3581 162.7364 15.17530201290085
STARLINK-1048           
1 44753U 19074AS  25045.19957954  .00002844  00000+0  20969-3 0  9995
2 44753  53.0549 130.6180 0001525 101.7461 258.3699 15.06405618290361
STARLINK-1052           
1 44757U 19074AW  25045.00003472  .00288645  00000+0  12263-2 0  9998
2 44757  53.0195  63.7272 0005341   7.8010 128.4568 15.83962626  5869
STARLINK-1053           
1 44758U 19074AX  25044.51003917  .00000873  00000+0  54546-4 0  9995
2 44758  53.0555 166.3229 0000801  86.2699 273.8387 15.20168184289644
STARLINK-1054           
1 44759U 19074AY  25044.60612074  .00004368  00000+0  31184-3 0  9991
2 44759  53.0540 173.2815 0001004 100.1638 259.9464 15.06411931289727
STARLINK-1056           
1 44761U 19074BA  25044.33705498 -.00001033  00000+0 -50506-4 0  9995
2 44761  53.0527 174.4917 0000318 348.2554  11.8428 15.06396467289518
STARLINK-1057           
1 44762U 19074BB  25044.67065204  .00001957  00000+0  15022-3 0  9993
2 44762  53.0547 152.9938 0001405  95.7471 264.3679 15.06395798290000
STARLINK-1058           
1 44763U 19074BC  25045.00003472  .00149135  00000+0  95354-3 0  9998
2 44763  53.0471 136.8883 0001492  26.4476 108.6792 15.75390550  5983
STARLINK-1060           
1 44765U 19074BE  25044.55268181 -.00000119  00000+0  10870-4 0  9999
2 44765  53.0548 153.5243 0000947  90.7250 269.3847 15.06404223289813
STARLINK-1062           
1 44767U 19074BG  25044.91668981  .00160546  00000+0  97022-3 0  9996
2 44767  53.0444 136.4908 0004303 296.0243 167.6991 15.76630522  5985
STARLINK-1063           
1 44768U 19074BH  25044.63194252  .00001197  00000+0  99226-4 0  9996
2 44768  53.0539 173.1669 0001211  90.4994 269.6134 15.06405424289561
STARLINK-1067           
1 44771U 19074BL  25044.62088827  .00006584  00000+0  46050-3 0  9990
2 44771  53.0543 173.2132 0001514  95.5419 264.5743 15.06397062289726
STARLINK-1068           
1 44772U 19074BM  25044.67800185  .00003190  00000+0  23293-3 0  9999
2 44772  53.0544 152.9607 0001298  91.9304 268.1834 15.06407934289834
STARLINK-1073           
1 44914U 20001A   25045.01998996  .00096250  00000+0  72519-3 0  9990
2 44914  53.0489 262.2824 0001973 225.3750 134.7107 15.71760332281675
STARLINK-1084           
1 44915U 20001B   25045.06069160  .05209667  12194-4  75957-3 0  9992
2 44915  53.0319 248.5767 0006112 274.4201 225.9812 16.33801502281857
STARLINK-1098           
1 44917U 20001D   25045.05952683  .00010754  00000+0  73972-3 0  9999
2 44917  53.0540 291.2494 0001629  83.0642 277.0532 15.06402307281270
STARLINK-1102           
1 44920U 20001G   25044.91668981  .00268391  00000+0  10723-2 0  9998
2 44920  53.0369 154.9831 0002935  24.0614 122.9994 15.85312426  6014
STARLINK-1103           
1 44921U 20001H   25044.98275400  .00010711  00000+0  11789-3 0  9991
2 44921  53.0491 267.6555 0000952  93.8751 266.2372 15.63778618281572
STARLINK-1104           
1 44922U 20001J   25044.94157602  .00002150  00000+0  16315-3 0  9999
2 44922  53.0559 291.7789 0001547  78.7575 281.3588 15.06402267281255
STARLINK-1106           
1 44923U 20001K   25044.91668981  .00199783  00000+0  17604-2 0  9994
2 44923  53.0045 180.5247 0004656 283.9058 168.2180 15.67587289  5968
STARLINK-1112           
1 44925U 20001M   25045.10374243 -.00002543  00000+0 -15191-3 0  9992
2 44925  53.0559 291.0476 0001363 105.2463 254.8676 15.06395743281277
STARLINK-1114           
1 44927U 20001P   25044.38499223  .00004059  00000+0  29121-3 0  9999
2 44927  53.0543 294.2679 0001324  71.4397 288.6736 15.06400417281175
STARLINK-1123           
1 44930U 20001S   25045.06318585  .00009246  00000+0  63796-3 0  9999
2 44930  53.0537 291.2341 0001469 100.7502 259.3652 15.06448387281270
STARLINK-1130 (DARKSAT) 
1 44932U 20001U   25043.86375764  .00052613  00000+0  60081-3 0  9999
2 44932  53.0503 270.5093 0001770 186.8922 173.2067 15.61696881282691
STARLINK-1144           
1 44933U 20001V   25045.06885438  .00011202  00000+0  52416-3 0  9990
2 44933  53.0551 283.4323 0002104  31.9257 328.1866 15.20228405282671
STARLINK-1071           
1 44934U 20001W   25044.36103363  .00000590  00000+0  58493-4 0  9993
2 44934  53.0550 274.3845 0001477  94.1794 265.9364 15.06400554281444
STARLINK-1079           
1 44937U 20001Z   25044.77732815  .00036821  00000+0  73446-3 0  9991
2 44937  53.0433 230.0850 0007444 140.5402 219.6148 15.46503593282116
STARLINK-1091           
1 44940U 20001AC  25045.05398743  .00007328  00000+0  51024-3 0  9993
2 44940  53.0532 271.2720 0001507  81.8466 278.2694 15.06407566281546
STARLINK-1094           
1 44941U 20001AD  25044.34630958 -.00002218  00000+0 -13013-3 0  9993
2 44941  53.0537 274.4466 0001657  83.9943 276.1235 15.06379109281441
STARLINK-1096           
1 44942U 20001AE  25044.51767165  .00037885  00000+0  65012-3 0  9996
2 44942  53.0048 144.1036 0002830 313.5983  46.4789 15.50824072283284
STARLINK-1109           
1 44945U 20001AH  25044.25887772  .00075360  00000+0  71277-3 0  9997
2 44945  53.0483 242.9807 0001648 223.7492 136.3393 15.66334116281871
STARLINK-1122           
1 44949U 20001AM  25044.36840423 -.00001060  00000+0 -52311-4 0  9992
2 44949  53.0547 274.3463 0001482 103.1520 256.9635 15.06394439281441
STARLINK-1117           
1 44952U 20001AQ  25045.25002315  .01117115  00000+0  31340-1 0  9999
2 44952  53.0471 268.6495 0001403 106.0016 274.2165 15.33181919281591
STARLINK-1066           
1 44954U 20001AS  25044.64669315  .00002693  00000+0  19961-3 0  9992
2 44954  53.0528 253.1005 0001828  93.0852 267.0346 15.06405346281714
STARLINK-1076           
1 44959U 20001AX  25044.91668981  .00247685  00000+0  11646-2 0  9998
2 44959  53.0465 221.8676 0004332 265.1695 269.8326 15.81917794  5973
STARLINK-1080           
1 44961U 20001AZ  25044.96367296  .00001159  00000+0  96668-4 0  9994
2 44961  53.0540 251.6781 0001727  90.5677 269.5510 15.06403689281825
STARLINK-1088           
1 44966U 20001BE  25044.91668981  .00149929  00000+0  12042-2 0  9999
2 44966  53.0566 138.9135 0002413 234.0826  35.6870 15.70023534  5915
STARLINK-1090           
1 44968U 20001BG  25044.56928596  .00000074  00000+0  23837-4 0  9996
2 44968  53.0545 253.4483 0001547  89.0510 271.0656 15.06398321281763
STARLINK-1092           
1 44969U 20001BH  25044.92616943  .00021451  00000+0  56525-3 0  9998
2 44969  53.0492 245.1496 0000681  93.5818 266.5263 15.38483082281909
STARLINK-1093           
1 44970U 20001BJ  25044.50363693  .00055359  00000+0  70682-3 0  9999
2 44970  53.0480 230.6743 0003842 175.0196 185.0855 15.58743832282063
STARLINK-1107           
1 44972U 20001BL  25044.53967110  .00048212  00000+0  18171-2 0  9992
2 44972  53.0278 239.7490 0002786 174.3075 185.7954 15.26622337281958
STARLINK-1115           
1 44973U 20001BM  25044.91668981  .00198663  00000+0  50581-2 0  9996
2 44973  53.0431 225.1587 0005179 178.6724  14.9041 15.38313151  5715
STARLINK-1132           
1 45044U 20006A   25044.72777136  .00001068  00000+0  90589-4 0  9999
2 45044  53.0534 212.7349 0001339  86.6547 273.4595 15.06400483278114
STARLINK-1131           
1 45047U 20006D   25044.50484618 -.00000280  00000+0  11815-6 0  9991
2 45047  53.0552 234.2776 0001553  88.0180 272.0987 15.06399230277797
STARLINK-1134           
1 45048U 20006E   25044.78430933  .00008202  00000+0  52545-3 0  9996
2 45048  53.0522 231.7053 0002397 141.1719 218.9444 15.09352013277856
STARLINK-1148           
1 45052U 20006J   25044.80829454  .00054146  00000+0  11171-2 0  9991
2 45052  53.0537 200.1509 0004530 193.8638 166.2244 15.45361458278305
STARLINK-1156           
1 45054U 20006L   25044.54163150 -.00001198  00000+0 -61572-4 0  9991
2 45054  53.0531 233.5719 0001508  97.7779 262.3381 15.06399864278145
STARLINK-1159           
1 45057U 20006P   25044.55637345 -.00000247  00000+0  23051-5 0  9991
2 45057  53.0547 233.5037 0001105  98.2020 261.9095 15.06402717278156
STARLINK-1162           
1 45058U 20006Q   25045.25002315  .00208491  00000+0  19110-2 0  9991
2 45058  53.0481 214.2184 0003441 258.2794 231.6859 15.66589055278489
STARLINK-1166           
1 45060U 20006S   25044.50109520 -.00001280  00000+0 -67061-4 0  9996
2 45060  53.0547 233.7506 0001684 110.8562 249.2608 15.06399904277800
STARLINK-1169           
1 45061U 20006T   25044.77384845 -.00000780  00000+0 -33464-4 0  9995
2 45061  53.0554 232.5312 0001454  97.6872 262.4282 15.06400806277845
STARLINK-1171           
1 45062U 20006U   25045.22353652  .00002414  00000+0  18093-3 0  9993
2 45062  53.0544 230.5093 0001316  90.7637 269.3503 15.06397250278255
STARLINK-1133           
1 45064U 20006W   25044.44027176  .00000169  00000+0  30223-4 0  9992
2 45064  53.0545 214.0264 0001247  99.2574 260.8556 15.06399746278078
STARLINK-1150           
1 45067U 20006Z   25044.76462615 -.00000113  00000+0  11327-4 0  9995
2 45067  53.0541 212.5725 0001312 101.1181 258.9955 15.06402170278125
STARLINK-1161           
1 45068U 20006AA  25044.68175213  .00117163  00000+0  29992-2 0  9990
2 45068  53.0310 191.6873 0002356 245.9724 114.1032 15.38526879278408
STARLINK-1167           
1 45071U 20006AD  25044.73145944  .00000849  00000+0  75894-4 0  9994
2 45071  53.0528 212.7186 0001406  86.9523 273.1627 15.06399476278457
STARLINK-1168           
1 45072U 20006AE  25044.46975909 -.00001543  00000+0 -84702-4 0  9999
2 45072  53.0543 213.8932 0001308  91.2203 268.8936 15.06395842278076
STARLINK-1170           
1 45073U 20006AF  25044.91668981  .01259293  00000+0  56491-1 0  9996
2 45073  53.0533 211.5883 0001334  69.4476 209.9876 15.18085923  5733
STARLINK-1172           
1 45074U 20006AG  25044.87889769 -.00000040  00000+0  16219-4 0  9992
2 45074  53.0532 212.0569 0001344  83.7462 276.3680 15.06390899278130
STARLINK-1174           
1 45075U 20006AH  25044.91668981  .01252382  00000+0  51905-1 0  9995
2 45075  53.0539 211.5419 0001211  68.7826 135.8674 15.20369161  5736
STARLINK-1177           
1 45078U 20006AL  25044.34954386  .00617292  19344-3  89784-3 0  9999
2 45078  53.0388 170.0897 0005455 357.3479   2.7523 16.04634298278663
STARLINK-1153           
1 45080U 20006AN  25044.85682058 -.00000516  00000+0 -15757-4 0  9994
2 45080  53.0581 212.1528 0000981 102.0361 258.0738 15.06360549278136
STARLINK-1151           
1 45081U 20006AP  25044.84205341 -.00000500  00000+0 -14692-4 0  9990
2 45081  53.0547 212.2999 0001435  91.8012 268.3141 15.06394980278133
STARLINK-1190           
1 45083U 20006AR  25044.92129790  .00004460  00000+0  31803-3 0  9993
2 45083  53.0531 231.8663 0001341  94.3206 265.7936 15.06408688277865
STARLINK-1173           
1 45084U 20006AS  25044.70381424  .00001362  00000+0  11033-3 0  9995
2 45084  53.0527 192.8453 0001323  89.2199 270.8942 15.06399676278847
STARLINK-1179           
1 45085U 20006AT  25044.70012516  .00001337  00000+0  10866-3 0  9994
2 45085  53.0526 192.8624 0001430  86.9891 273.1261 15.06398035278735
STARLINK-1185           
1 45087U 20006AV  25044.68537800  .00000485  00000+0  51443-4 0  9991
2 45087  53.0546 192.9266 0001304  94.4821 265.6317 15.06402195278392
STARLINK-1183           
1 45088U 20006AW  25044.70749175 -.00000112  00000+0  11406-4 0  9998
2 45088  53.0541 192.8291 0001296  83.5265 276.5871 15.06404097278395
STARLINK-1176           
1 45090U 20006AY  25044.69180481 -.00000142  00000+0  93727-5 0  9998
2 45090  53.0544 192.8889 0001101  90.2755 269.8360 15.06401510278393
STARLINK-1137           
1 45092U 20006BA  25044.91668981  .01218338  00000+0  48258-1 0  9994
2 45092  53.0509 188.8835 0001343  87.5833 297.8293 15.22011103  5809
STARLINK-1142           
1 45093U 20006BB  25044.98597791  .00037328  00000+0  17075-2 0  9993
2 45093  53.0461 182.3388 0001638 346.8409  13.2543 15.20201201278916
STARLINK-1146           
1 45094U 20006BC  25044.80975804  .00009716  00000+0  66965-3 0  9993
2 45094  53.0532 192.3576 0001396  88.9163 271.1985 15.06433045278415
STARLINK-1147           
1 45095U 20006BD  25044.67073122  .00003770  00000+0  27192-3 0  9994
2 45095  53.0544 193.5704 0001307  78.7161 281.3975 15.06392794278385
STARLINK-1152           
1 45096U 20006BE  25044.70617372  .00008283  00000+0  54796-3 0  9994
2 45096  53.0539 192.4706 0000918 172.7724 187.3280 15.08150461278397
STARLINK-1184           
1 45098U 20006BG  25044.39050810  .00000008  00000+0  19407-4 0  9997
2 45098  53.0535 194.2481 0001294  92.9894 267.1243 15.06394640278342
STARLINK-1193           
1 45100U 20006BJ  25044.45317127 -.00000992  00000+0 -47716-4 0  9993
2 45100  53.0562 193.9719 0001438  97.4371 262.6782 15.06397649278357
STARLINK-1143           
1 45179U 20012B   25045.12192212  .00053493  00000+0  30023-2 0  9990
2 45179  53.0523 349.8885 0008766  66.9403 293.2513 15.12821258275639
STARLINK-1200           
1 45181U 20012D   25045.14245291  .00001303  00000+0  10635-3 0  9992
2 45181  53.0582 350.8763 0001879  84.6374 275.4829 15.06395180275620
STARLINK-1201           
1 45182U 20012E   25044.96366925 -.00006897  00000+0 -44473-3 0  9992
2 45182  53.0566 331.6769 0002064  96.8578 263.2646 15.06384224276376
STARLINK-1202           
1 45183U 20012F   25044.58219365  .00007758  00000+0  53916-3 0  9993
2 45183  53.0550 353.3912 0001198  91.0894 269.0233 15.06397858275547
STARLINK-1205           
1 45184U 20012G   25045.25002315  .00167234  00000+0  79004-3 0  9996
2 45184  53.0396 289.2145 0005871 135.8015 184.3004 15.82034811276474
STARLINK-1216           
1 45185U 20012H   25045.10558148  .00011102  00000+0  76278-3 0  9993
2 45185  53.0550 351.0382 0001264 110.8970 249.2155 15.06412260275621
STARLINK-1224           
1 45186U 20012J   25045.05398450  .00005397  00000+0  38089-3 0  9993
2 45186  53.0559 351.2688 0001667 102.0176 258.1000 15.06402974275618
STARLINK-1225           
1 45187U 20012K   25044.85863809  .00005298  00000+0  37424-3 0  9998
2 45187  53.0543 352.1449 0001342  81.0639 279.0502 15.06402254276225
STARLINK-1228           
1 45188U 20012L   25045.12305129  .00002762  00000+0  20431-3 0  9999
2 45188  53.0556 310.6429 0001603  79.5587 280.5582 15.06393351275840
STARLINK-1230           
1 45189U 20012M   25044.86232592  .00007600  00000+0  52850-3 0  9999
2 45189  53.0571 352.1283 0001845  83.0650 277.0549 15.06406303273457
STARLINK-1234           
1 45190U 20012N   25045.14615127  .00005848  00000+0  41101-3 0  9991
2 45190  53.0562 310.8578 0001770 107.0619 253.0564 15.06415362275858
STARLINK-1237           
1 45192U 20012Q   25044.84389994  .00006015  00000+0  42241-3 0  9992
2 45192  53.0558 352.2140 0001566  83.7466 276.3701 15.06395128276234
STARLINK-1240           
1 45194U 20012S   25044.83651417  .00001666  00000+0  13072-3 0  9992
2 45194  53.0549 352.2507 0001821  90.2134 269.9063 15.06396161276127
STARLINK-1244           
1 45196U 20012U   25045.21616604  .00007464  00000+0  51947-3 0  9991
2 45196  53.0574 350.5425 0001474  89.8463 270.2694 15.06398575275383
STARLINK-1269           
1 45197U 20012V   25045.07242935  .00004665  00000+0  33192-3 0  9990
2 45197  53.0556 351.1872 0001608  93.2003 266.9170 15.06393068275355
STARLINK-1154           
1 45198U 20012W   25045.19590204  .00001816  00000+0  14078-3 0  9996
2 45198  53.0558 330.6330 0001743 109.2044 250.9134 15.06394233275620